5 0.987023 0.303493 0.025953 0.088819
18 0.032109 0.285257 0.036203 0.068153
19 0.006547 0.443646 0.012063 0.051736
6 0.878945 0.454222 0.072875 0.105111
7 0.739387 0.307563 0.069664 0.092069
9 0.549625 0.547139 0.041891 0.124944
10 0.470117 0.474562 0.046141 0.065625
11 0.437461 0.596986 0.056078 0.078250
12 0.340918 0.439229 0.031945 0.093403
13 0.281637 0.574896 0.028398 0.071931
14 0.217035 0.450590 0.018461 0.032819
15 0.202840 0.501069 0.036914 0.063111
17 0.080027 0.386854 0.029820 0.074458
