14 0.557438 0.307262 0.031431 0.025414
3 0.430833 0.885711 0.060472 0.059844
4 0.535854 0.803234 0.071375 0.041172
5 0.604278 0.744418 0.075472 0.036055
6 0.535625 0.673965 0.060000 0.040914
7 0.625639 0.597883 0.053639 0.039125
9 0.496528 0.488430 0.074556 0.024297
10 0.539264 0.444957 0.038194 0.028383
11 0.471521 0.426418 0.047292 0.032727
12 0.564944 0.371691 0.060472 0.020977
13 0.497889 0.335508 0.057278 0.022250
17 0.606090 0.224391 0.046375 0.017391
15 0.528757 0.293578 0.018069 0.021000
