19 0.580458 0.087309 0.042611 0.018836
2 0.569812 0.899883 0.083375 0.041766
3 0.435000 0.795805 0.062083 0.051359
4 0.533597 0.720656 0.059639 0.042109
5 0.602375 0.663484 0.074250 0.033891
6 0.534507 0.595531 0.057819 0.039031
7 0.623069 0.521922 0.053556 0.038344
9 0.496167 0.413227 0.073639 0.024313
11 0.470299 0.349719 0.048681 0.033547
13 0.497083 0.254715 0.062083 0.020883
14 0.554597 0.225789 0.042000 0.025328
15 0.535729 0.210043 0.035903 0.021914
17 0.606326 0.137805 0.044431 0.018484
18 0.670236 0.109734 0.039556 0.022594
20 0.615056 0.026184 0.029167 0.013195
