20 0.616778 0.069215 0.029556 0.013039
6 0.535396 0.629773 0.060458 0.039125
5 0.606549 0.698691 0.074569 0.035805
4 0.535174 0.756617 0.067292 0.039125
3 0.436743 0.835512 0.061375 0.056258
2 0.574118 0.942203 0.086736 0.042953
9 0.497889 0.446801 0.071833 0.024039
10 0.540174 0.403199 0.040014 0.026852
11 0.471979 0.384020 0.045458 0.032992
12 0.567444 0.329805 0.060917 0.019687
15 0.538125 0.247586 0.035917 0.020969
17 0.608618 0.176621 0.044153 0.018664
18 0.669743 0.150410 0.040014 0.021992
19 0.580410 0.127648 0.037736 0.017906
7 0.626319 0.555742 0.053194 0.038359
