14 0.362207 0.488160 0.026383 0.038181
6 0.990797 0.489250 0.018406 0.049083
7 0.872988 0.326729 0.072398 0.092708
9 0.676957 0.571062 0.042336 0.125431
10 0.596582 0.500736 0.047242 0.067583
11 0.564680 0.620146 0.058281 0.081819
12 0.466512 0.466896 0.034977 0.100347
13 0.405770 0.585785 0.036195 0.100347
15 0.331223 0.525250 0.035586 0.055639
17 0.212809 0.416174 0.028227 0.073069
18 0.168324 0.319639 0.036195 0.065444
19 0.133355 0.471257 0.026383 0.058903
20 0.038559 0.417264 0.019633 0.051278
