20 0.017043 0.410556 0.020164 0.052139
19 0.113289 0.464736 0.027500 0.057861
9 0.656848 0.565764 0.041242 0.127917
6 0.980355 0.476549 0.039289 0.102653
10 0.576641 0.496104 0.047656 0.068431
11 0.545477 0.614653 0.057750 0.080667
12 0.447625 0.459847 0.036203 0.093694
13 0.385984 0.581250 0.035750 0.100222
14 0.330758 0.503847 0.015125 0.026889
15 0.314715 0.520958 0.030711 0.054583
7 0.853234 0.323785 0.074703 0.092069
17 0.193281 0.411778 0.028906 0.070889
18 0.148117 0.311146 0.034828 0.065181
