9 0.483139 0.536645 0.073028 0.023273
3 0.415521 0.946441 0.064514 0.058883
4 0.519049 0.859824 0.069375 0.042445
5 0.593299 0.799742 0.079125 0.035953
6 0.521486 0.725109 0.059639 0.041422
7 0.611861 0.648250 0.054167 0.038344
10 0.525743 0.492992 0.037736 0.026359
11 0.459069 0.473824 0.045583 0.031836
12 0.550090 0.420930 0.058431 0.019859
13 0.484965 0.384641 0.057208 0.018484
14 0.540021 0.358109 0.037181 0.024313
15 0.520875 0.343215 0.035306 0.021227
17 0.580493 0.277313 0.020625 0.016781
18 0.651396 0.253348 0.032319 0.017461
19 0.563486 0.231777 0.034083 0.017461
20 0.599083 0.178203 0.028611 0.010953
